0.523599 1.578718 -0.019932 -0.066840
0.521149 0.527312 -0.494848 0.751183
0.514817 0.536940 -0.770544 1.173358
0.506414 0.549757 -0.904921 1.383458
0.497111 0.564014 -0.948006 1.457585
0.487665 0.578588 -0.931864 1.444446
0.478567 0.592757 -0.877123 1.375091
0.470139 0.606057 -0.797175 1.269423
0.462590 0.618185 -0.700855 1.140392
0.456055 0.628952 -0.594117 0.996627
0.450618 0.638237 -0.481093 0.844058
0.446329 0.645973 -0.364745 0.686927
0.443210 0.652128 -0.247277 0.528389
0.441265 0.656702 -0.130388 0.370890
0.440480 0.659712 -0.015427 0.216388
0.440832 0.661197 0.096502 0.066491
0.442287 0.661209 0.204487 -0.077462
0.444801 0.659812 0.307766 -0.214351
0.448324 0.657082 0.405702 -0.343244
0.452800 0.653101 0.497771 -0.463376
0.458169 0.647961 0.583548 -0.574143
0.464366 0.641757 0.662702 -0.675083
0.471324 0.634589 0.734986 -0.765875
0.478974 0.626560 0.800236 -0.846326
0.487244 0.617773 0.858364 -0.916370
0.496063 0.608332 0.909353 -0.976051
0.505359 0.598341 0.953253 -1.025520
0.515064 0.587900 0.990174 -1.065020
0.525107 0.577107 1.020280 -1.094882
0.535420 0.566058 1.043788 -1.115506
0.545941 0.554843 1.060958 -1.127354
0.556605 0.543546 1.072087 -1.130940
0.567355 0.532249 1.077507 -1.126815
0.578135 0.521026 1.077576 -1.115558
0.588892 0.509946 1.072675 -1.097768
0.599580 0.499070 1.063203 -1.074053
0.610154 0.488456 1.049568 -1.045024
0.620574 0.478154 1.032190 -1.011285
0.630806 0.468208 1.011489 -0.973433
0.640817 0.458658 0.987888 -0.932046
0.650580 0.449534 0.961807 -0.887688
0.660073 0.440866 0.933657 -0.840899
0.669277 0.432675 0.903843 -0.792198
0.678176 0.424978 0.872758 -0.742080
0.686760 0.417786 0.840783 -0.691017
0.695022 0.411108 0.808283 -0.639457
0.702958 0.404946 0.775607 -0.587823
0.710567 0.399299 0.743086 -0.536514
0.717854 0.394162 0.711032 -0.485908
0.724822 0.389527 0.679738 -0.436358
0.731483 0.385381 0.649474 -0.388194
0.737846 0.381710 0.620491 -0.341723
0.743926 0.378495 0.593015 -0.297230
0.749738 0.375715 0.567251 -0.254977
0.755302 0.373346 0.543378 -0.215200
0.760636 0.371363 0.521553 -0.178114
0.765761 0.369738 0.501910 -0.143907
0.770700 0.368442 0.484558 -0.112742
0.775476 0.367443 0.469582 -0.084758
0.780114 0.366710 0.457043 -0.060067
0.784637 0.366208 0.446982 -0.038755
0.789070 0.365903 0.439413 -0.020880
0.793440 0.365762 0.434333 -0.006476
0.797769 0.365750 0.431713 0.004451
0.802083 0.365830 0.431509 0.011922
0.806406 0.365971 0.433656 0.015982
0.810761 0.366137 0.438071 0.016699
0.815169 0.366295 0.444655 0.014168
0.819653 0.366414 0.453295 0.008504
0.824232 0.366462 0.463866 -0.000157
0.828925 0.366411 0.476228 -0.011660
0.833749 0.366233 0.490235 -0.025832
0.838720 0.365901 0.505729 -0.042486
0.843852 0.365393 0.522549 -0.061420
0.849157 0.364686 0.540527 -0.082423
0.854647 0.363760 0.559491 -0.105272
0.860331 0.362599 0.579270 -0.129741
0.866215 0.361186 0.599689 -0.155597
0.872305 0.359509 0.620579 -0.182605
0.878606 0.357558 0.641770 -0.210530
0.885120 0.355325 0.663097 -0.239137
0.891847 0.352803 0.684401 -0.268197
0.898786 0.349989 0.705529 -0.297485
0.905935 0.346883 0.726334 -0.326781
0.913291 0.343484 0.746679 -0.355878
0.920847 0.339795 0.766435 -0.384572
0.928598 0.335822 0.785482 -0.412675
0.936535 0.331572 0.803710 -0.440008
0.944651 0.327052 0.821021 -0.466404
0.952935 0.322273 0.837325 -0.491709
0.961378 0.317247 0.852544 -0.515782
0.969968 0.311986 0.866611 -0.538497
0.978693 0.306504 0.879470 -0.559738
0.987541 0.300817 0.891074 -0.579407
0.996499 0.294940 0.901387 -0.597415
1.005554 0.288891 0.910384 -0.613688
1.014694 0.282688 0.918048 -0.628165
1.023904 0.276348 0.924372 -0.640798
1.033171 0.269890 0.929359 -0.651549
1.042482 0.263333 0.933018 -0.660393
1.051824 0.256696 0.935367 -0.667315
1.061184 0.249999 0.936431 -0.672312
1.070548 0.243261 0.936241 -0.675391
1.079905 0.236500 0.934836 -0.676566
1.089243 0.229736 0.932259 -0.675865
1.098550 0.222987 0.928558 -0.673319
1.107815 0.216272 0.923785 -0.668973
1.117027 0.209608 0.917998 -0.662877
1.126178 0.203013 0.911255 -0.655089
1.135257 0.196503 0.903621 -0.645675
1.144255 0.190095 0.895160 -0.634708
1.153166 0.183802 0.885938 -0.622268
1.161981 0.177641 0.876026 -0.608441
1.170695 0.171623 0.865492 -0.593320
1.179300 0.165763 0.854406 -0.577004
1.187793 0.160070 0.842839 -0.559596
1.196167 0.154556 0.830862 -0.541207
1.204421 0.149230 0.818544 -0.521949
1.212550 0.144100 0.805954 -0.501942
1.220552 0.139173 0.793160 -0.481308
1.228425 0.134455 0.780228 -0.460171
1.236169 0.129950 0.767222 -0.438660
1.243783 0.125661 0.754204 -0.416904
1.251266 0.121590 0.741235 -0.395035
1.258621 0.117738 0.728370 -0.373183
1.265847 0.114104 0.715664 -0.351479
1.272947 0.110686 0.703168 -0.330052
1.279924 0.107480 0.690928 -0.309029
1.286779 0.104483 0.678988 -0.288535
1.293516 0.101687 0.667388 -0.268690
1.300139 0.099087 0.656163 -0.249608
1.306652 0.096674 0.645344 -0.231398
1.313058 0.094438 0.634959 -0.214164
1.319363 0.092370 0.625030 -0.198001
1.325570 0.090459 0.615574 -0.182995
1.331685 0.088692 0.606605 -0.169225
1.337713 0.087057 0.598132 -0.156758
1.343658 0.085540 0.590159 -0.145653
1.349525 0.084128 0.582686 -0.135958
1.355320 0.082807 0.575708 -0.127709
1.361048 0.081562 0.569215 -0.120930
1.366713 0.080378 0.563194 -0.115634
1.372319 0.079240 0.557627 -0.111824
1.377872 0.078133 0.552494 -0.109489
1.383375 0.077043 0.547768 -0.108605
1.388833 0.075956 0.543421 -0.109140
1.394249 0.074857 0.539420 -0.111048
1.399626 0.073733 0.535731 -0.114272
1.404968 0.072571 0.532315 -0.118745
1.410277 0.071359 0.529133 -0.124391
1.415554 0.070086 0.526141 -0.131122
1.420803 0.068741 0.523296 -0.138844
1.426023 0.067314 0.520551 -0.147452
1.431217 0.065798 0.517861 -0.156837
1.436383 0.064185 0.515176 -0.166881
1.441523 0.062469 0.512450 -0.177462
1.446635 0.060645 0.509633 -0.188453
1.451718 0.058710 0.506677 -0.199724
1.456771 0.056662 0.503535 -0.211142
1.461791 0.054499 0.500159 -0.222574
1.466777 0.052222 0.496505 -0.233884
1.471724 0.049833 0.492527 -0.244939
1.476630 0.047335 0.488183 -0.255606
1.481491 0.044733 0.483433 -0.265757
1.486302 0.042032 0.478238 -0.275265
1.491059 0.039240 0.472563 -0.284010
1.495758 0.036363 0.466374 -0.291875
1.500392 0.033413 0.459641 -0.298751
1.504956 0.030398 0.452337 -0.304538
1.509444 0.027331 0.444438 -0.309140
1.513850 0.024224 0.435924 -0.312473
1.518169 0.021089 0.426778 -0.314462
1.522393 0.017941 0.416985 -0.315041
1.526517 0.014793 0.406538 -0.314156
1.530533 0.011661 0.395429 -0.311763
1.534435 0.008560 0.383657 -0.307830
1.538216 0.005505 0.371224 -0.302337
1.541870 0.002512 0.358134 -0.295274
1.545390 -0.000403 0.344398 -0.286646
1.548769 -0.003225 0.330027 -0.276468
1.552003 -0.005939 0.315038 -0.264768
1.555083 -0.008528 0.299451 -0.251584
1.558006 -0.010979 0.283289 -0.236968
1.560764 -0.013278 0.266577 -0.220981
1.563353 -0.015411 0.249344 -0.203696
1.565767 -0.017366 0.231623 -0.185194
1.568001 -0.019130 0.213446 -0.165567
1.570052 -0.020694 0.194849 -0.144915
1.571916 -0.022047 0.175871 -0.123345
1.573588 -0.023180 0.156550 -0.100972
1.575065 -0.024087 0.136927 -0.077915
1.576345 -0.024760 0.117042 -0.054299
1.577425 -0.025195 0.096939 -0.030253
1.578304 -0.025388 0.076658 -0.005908
1.578979 -0.025337 0.056243 0.018604
1.579449 -0.025041 0.035733 0.043149
1.579714 -0.024499 0.015170 0.067595
1.579773 -0.023714 -0.005406 0.091811
1.579626 -0.022688 -0.025957 0.115671
1.579274 -0.021426 -0.046447 0.139048